10 4.5925 20.8845 8.209 10
20 6.393 40.7935 15.046 20
30 7.5365 60.9345 21.6425 30
40 8.5495 81.1155 28.674 40
50 8.9195 101.165 34.4925 50
60 9.537 120.739 40.765 60
70 9.9525 141.083 48.849 70
80 10.302 161.234 53.3815 80
90 10.662 180.851 61.2445 90
100 10.979 201.268 67.3785 100
110 11.131 220.857 74.672 110
120 11.455 240.862 85.2455 120
130 11.722 260.261 86.7665 130
140 11.9205 281.474 91.72 140
150 12.2095 300.476 101.797 150
160 12.3545 321.708 106.252 160
170 12.435 340.755 115.51 170
180 12.5525 361.309 123.353 180
190 12.831 380.438 127.608 190
200 12.908 401.187 136.51 200
210 13.1325 420.651 142.757 210
220 13.189 440.05 148.159 220
230 13.238 461.418 154.921 230
240 13.5175 480.598 156.442 240
250 13.59 501.151 167.555 250
260 13.6025 521.949 176.806 260
270 13.8 541.37 178.454 270
280 13.8535 560.64 189.641 280
290 14.186 581.035 193.678 290
300 14.114 601.385 203.646 300
310 14.359 620.316 205.809 310
320 14.1845 641.462 219.949 320
330 14.4295 661.678 215.535 330
340 14.4765 681.006 227.345 340
350 14.5335 701.394 234.737 350
360 14.579 720.364 230.821 360
370 14.8605 741.014 248.768 370
380 14.798 761.995 256.325 380
390 14.851 780.812 260.145 390
400 14.943 801.102 263.248 400
410 15.0125 820.433 274.658 410
420 15.1385 840.633 272.331 420
430 15 859.591 292.863 430
440 15.13 881.618 297.029 440
450 15.242 900.342 296.074 450
460 15.263 921.52 316.197 460
470 15.363 939.905 329.832 470
480 15.351 961.516 316.952 480
490 15.5875 980.658 328.812 490
500 15.48 1000.6 345.301 500
