10 4.769 21.049
20 6.4385 40.876
30 7.5525 61.0295
40 8.515 81.1025
50 8.938 100.965
60 9.447 120.746
70 9.9175 140.792
80 10.3585 161.508
90 10.6505 181.224
100 10.813 201.303
110 11.1895 220.966
120 11.3795 241.241
130 11.83 261.243
140 11.865 280.803
150 12.0175 300.856
160 12.2395 320.796
170 12.6175 340.328
180 12.5995 360.463
190 12.832 380.51
200 12.9475 400.795
210 13.1935 421.031
220 13.239 440.524
230 13.239 460.068
240 13.4645 481.546
250 13.724 502.01
260 13.5785 520.9
270 13.6725 541.586
280 13.771 561.403
290 13.964 581.502
300 13.897 600.952
310 14.421 620.65
320 14.3215 640.705
330 14.206 661.084
340 14.389 681.903
350 14.534 701.437
360 14.6155 720.927
370 14.662 740.244
380 14.5935 762.878
390 14.826 781.221
400 14.8695 801.977
410 14.8565 821.071
420 14.962 840.561
430 15.1345 859.977
440 15.384 880.21
450 15.14 900.562
460 15.3275 920.213
470 15.412 940.845
480 15.422 960.381
490 15.6025 981.719
500 15.5405 1001.91
